0,408
2,24
2,23
2,22
2,21
2,20
2,19
2,18
2,17
2,16
2,15
2,14
2,13
2,12
2,11
2,10
2,9
2,8
2,7
2,6
2,5
2,4
2,3
2,2
4,1
2,1
4,3
2,0
1,9
4,0
1,8
1,7
1,6
1,5
1,4
1,3
1,2
1,1
1,0
0,507
0,505
0,503
0,497
0,485
0,482
0,476
0,472
0,470
0,464
0,463
0,460
0,458
0,457
0,456
0,452
0,451
0,449
0,448
0,447
0,445
0,443
0,429
0,411
0,409
0,396
0,382
0,381
0,380
0,379
0,377
0,376
0,375
0,374
0,372
0,371
0,369
0,362
0,361
0,359
0,357
0,356
0,354
0,353
0,352
0,350
0,344
0,338
0,335
0,322
0,317
0,309
0,243
0,9
0,310
0,305
0,301
0,425
0,506
0,478
0,459
0,455
0,450
0,446
0,434
0,366
0,454
0,453
0,410
0,462
0,461
0,346
0,308
0,304
0,303
0,302
0,307
0,444
0,12
0,373
0,10
0,477
0,8
0,0
0,466
0,300
0,311
0,299
0,413
0,298
0,358
0,297
0,329
0,296
0,417
0,295
0,367
0,294
0,442
0,293
0,364
0,292
0,291
0,510
0,290
0,416
0,289
0,436
0,288
0,415
0,287
0,399
0,286
0,363
0,285
0,438
0,284
0,398
0,283
0,494
0,282
0,430
0,281
0,360
0,280
0,492
0,279
0,278
0,427
0,277
0,486
0,276
0,500
0,275
0,274
2,25
2,26
2,28
2,29
2,31
2,32
2,34
2,64
2,65
2,67
2,68
2,70
2,72
2,73
2,75
2,76
2,78
2,79
2,81
2,83
2,85
2,88
2,89
2,91
2,93
2,94
2,97
2,98
2,101
2,102
2,105
2,108
2,109
2,112
2,113
2,115
2,117
2,118
2,121
2,122
2,124
2,126
3,1
3,4
3,6
24,0
24,1
24,4
24,6
24,7
24,9
25,1
25,3
25,5
25,6
25,8
25,9
25,11
25,12
25,14
25,17
25,18
25,21
25,23
25,25
26,1
26,2
26,4
26,5
26,8
26,10
26,13
26,16
26,18
26,21
26,22
26,24
26,27
26,28
27,2
27,4
27,7
27,9
27,12
27,15
27,17
27,20
27,21
27,25
28,1
28,2
28,4
28,5
28,7
29,0
29,1
29,3
29,4
30,2
30,4
31,0
31,3
31,4
32,1
32,3
32,6
33,0
33,1
33,3
33,4
33,6
34,0
34,3
35,1
35,3
36,0
36,1
36,3
36,5
36,6
37,1
37,2
37,4
37,5
37,7
38,1
38,2
38,4
38,5
38,7
38,9
39,0
39,2
39,3
39,5
40,0
40,2
40,4
41,0
41,2
41,3
42,0
42,2
42,3
42,5
43,0
43,2
43,4
43,5
44,1
44,3
44,5
45,0
45,3
45,5
45,6
45,9
45,10
45,12
45,14
46,0
46,3
46,4
47,3
47,4
47,7
48,1
48,3
49,2
49,4
50,2
50,5
51,0
51,3
51,4
52,0
52,1
52,4
52,6
53,0
53,2
53,3
53,5
54,0
54,1
54,3
54,4
55,1
55,4
56,0
56,3
56,4
56,6
57,0
57,2
57,4
57,5
57,7
58,0
58,2
58,4
58,5
59,0
59,1
59,5
59,6
60,1
60,3
60,4
61,0
61,1
61,3
62,0
62,1
62,4
63,0
63,2
63,3
63,5
63,7
63,8
64,1
64,2
64,4
64,6
64,7
64,9
64,10
64,12
64,13
64,15
64,17
64,18
65,1
65,2
65,4
66,0
66,1
66,3
66,4
66,6
67,1
67,3
68,1
68,3
69,0
69,1
69,5
69,8
69,9
70,3
70,4
71,0
71,3
71,5
72,1
72,3
72,6
73,1
73,4
73,7
74,1
74,4
74,5
75,0
75,4
75,5
76,0
76,2
76,5
76,7
76,10
77,1
77,2
77,4
77,5
78,1
78,3
78,4
78,6
79,0
79,3
80,1
80,2
80,4
80,5
80,7
80,9
80,11
81,1
81,2
81,5
82,0
82,3
82,6
83,1
83,4
83,6
84,2
84,3
85,0
85,2
85,3
85,5
85,6
85,8
85,10
86,0
86,3
86,4
86,6
86,8
86,11
86,14
86,15
86,17
86,18
86,20
86,22
86,23
86,25
86,27
86,30
86,33
86,34
86,37
86,38
87,0
87,1
87,4
87,6
88,0
88,2
88,3
89,0
89,3
90,0
90,2
90,3
91,1
91,3
92,0
92,2
92,3
92,5
92,6
93,1
93,4
93,5
94,0
94,1
94,3
94,4
95,0
95,3
95,5
96,2
96,3
97,0
97,3
97,4
98,1
98,2
99,0
99,2
100,0
100,3
101,0
101,3
101,5
102,0
102,3
102,5
103,1
103,2
104,0
104,4
105,0
105,3
106,0
106,3
107,0
107,3
108,1
108,2
108,4
108,5
109,2
110,1
110,2
111,0
111,2
112,0
112,2
113,1
114,0
114,2
115,0
115,1
116,0
116,3
116,4
117,0
117,1
117,3
117,4
118,2
119,0
119,2
120,0
120,1
120,4
121,2
121,3
121,6
122,0
122,3
122,6
123,0
123,2
123,3
123,5
124,0
124,2
124,4
124,5
124,7
124,8
124,10
124,12
125,1
125,3
125,4
125,6
125,7
126,0
126,4
126,5
126,8
127,0
127,3
127,6
127,8
128,1
128,3
128,6
128,7
128,11
129,2
129,3
129,6
129,8
129,11
130,1
130,3
131,1
131,3
131,6
131,7
132,1
133,0
133,1
133,3
133,5
134,1
134,3
134,4
134,7
135,1
135,4
136,1
136,2
136,4
136,5
137,0
137,2
137,5
138,1
138,2
138,4
138,5
139,2
139,6
140,0
140,3
140,5
141,1
141,2
141,4
142,2
142,3
143,0
143,1
143,4
144,2
144,3
145,1
145,3
145,5
146,0
146,3
146,5
147,0
147,2
147,3
148,1
148,4
149,0
149,3
149,5
150,2
150,5
151,0
151,3
151,4
152,2
152,3
153,1
154,0
154,1
154,3
154,4
154,6
154,8
154,9
154,11
154,12
154,14
154,15
154,17
154,19
154,20
154,22
154,23
154,25
154,27
154,28
154,30
154,31
154,33
154,34
154,36
154,38
154,39
154,41
154,42
154,44
154,46
154,47
154,49
154,50
154,52
154,53
154,55
154,57
154,58
154,60
154,61
154,63
154,65
154,66
154,68
154,69
154,71
154,73
154,74
154,76
154,77
154,79
154,80
154,82
154,84
154,85
154,88
154,89
154,91
154,93
154,94
154,96
154,97
154,99
154,100
154,102
154,104
154,105
154,129
154,130
154,132
154,134
154,135
154,137
154,138
154,140
154,141
154,143
154,145
154,146
154,148
154,149
155,0
155,3
155,4
156,1
156,3
156,6
157,1
157,2
158,0
158,1
158,3
158,5
159,1
159,3
160,0
160,3
160,4
161,1
161,3
161,4
162,1
162,2
162,4
162,5
163,0
163,2
163,3
163,5
163,6
164,1
164,5
165,0
165,3
166,0
166,2
166,3
166,5
166,7
166,8
166,10
166,11
166,14
166,16
167,0
167,4
167,5
168,0
168,4
168,5
169,1
169,2
169,4
169,5
169,7
170,0
170,2
170,5
171,1
171,4
172,2
172,3
172,7
173,0
173,3
174,0
174,3
175,1
175,2
175,4
175,5
175,7
175,9
176,0
176,3
176,5
177,2
177,4
178,0
178,3
178,4
179,1
179,2
179,4
180,0
180,2
180,5
180,7
181,2
181,4
182,1
182,3
182,4
183,1
183,3
183,6
184,1
184,3
184,6
185,0
185,3
186,2
186,3
186,6
187,1
187,4
187,6
188,2
189,0
189,2
189,5
189,6
190,2
190,5
190,6
191,3
191,4
191,7
192,1
192,4
193,2
193,4
194,1
194,3
195,1
195,4
195,5
196,2
196,3
196,6
197,1
197,4
198,0
198,2
199,0
199,1
199,3
199,5
199,6
200,1
200,2
200,4
201,1
201,2
201,4
201,5
202,0
202,1
202,3
202,5
202,6
203,1
203,2
203,4
204,1
204,2
204,4
204,5
205,1
205,2
205,4
206,1
206,2
206,4
206,5
206,7
207,1
207,2
207,4
207,5
208,1
208,2
208,4
208,6
208,7
209,1
209,2
209,4
209,6
209,7
210,0
210,1
210,3
210,4
210,6
211,0
211,1
211,3
211,4
212,0
212,2
212,3
212,5
212,6
213,1
213,3
213,4
213,6
214,0
214,2
214,3
214,5
215,0
215,1
215,3
215,4
216,0
216,2
216,3
216,5
217,0
217,2
217,3
217,5
218,1
218,2
218,4
218,5
219,1
219,3
219,4
219,6
219,7
220,1
220,2
220,4
221,0
221,1
221,3
221,4
221,6
222,1
222,2
222,4
222,5
222,7
223,0
223,1
223,3
223,4
224,0
224,1
224,3
225,1
225,2
225,4
225,5
226,1
226,3
226,4
226,6
227,0
227,2
227,3
227,5
228,0
228,1
228,3
228,4
229,0
229,2
229,3
229,5
230,0
230,2
230,3
230,5
231,0
231,1
231,3
231,4
232,0
232,2
232,3
232,5
233,0
233,2
233,3
233,5
234,0
234,1
234,3
234,4
235,0
235,2
235,3
235,5
235,6
236,1
236,3
236,4
237,0
237,1
237,3
237,4
237,6
238,1
238,2
238,4
238,5
239,1
239,3
239,4
239,6
240,0
240,2
240,3
240,5
241,1
241,2
241,4
241,5
242,1
242,3
242,4
242,6
242,7
242,9
243,0
243,2
243,4
244,0
244,2
244,3
244,5
245,1
245,2
245,4
245,5
246,1
246,3
246,4
247,0
247,1
247,3
247,4
248,1
248,3
248,4
248,6
248,7
249,0
249,2
249,3
250,0
250,1
250,3
250,4
251,1
251,3
251,4
251,6
251,7
252,1
252,3
252,4
253,1
253,2
253,4
253,5
254,0
254,2
254,3
254,5
254,6
255,1
255,3
255,4
255,6
256,0
256,2
256,4
256,5
256,7
257,0
257,2
257,3
257,5
258,0
258,1
258,3
258,4
258,6
259,0
259,1
259,3
260,0
260,2
260,3
261,0
261,2
261,3
262,0
262,1
262,3
263,0
263,1
263,3
263,4
264,0
264,1
264,3
264,5
265,0
265,2
265,3
266,0
266,2
266,3
267,0
267,1
267,3
267,4
268,0
268,2
268,3
268,5
268,6
269,1
269,3
270,0
270,2
270,3
270,5
271,1
271,2
271,4
272,0
272,2
272,3
273,0
273,2
273,3
274,0
274,1
274,3
274,5
274,6
275,1
275,2
275,4
276,0
276,2
276,4
277,0
277,2
277,3
278,0
278,2
278,3
279,0
279,1
279,3
279,4
280,1
280,3
280,4
281,1
281,2
281,4
282,1
282,2
282,4
283,0
283,2
283,4
284,0
284,2
284,3
285,0
285,1
285,3
286,0
286,1
286,3
286,4
287,1
287,3
287,4
288,1
288,2
288,4
288,5
289,1
289,3
289,4
290,1
290,2
290,4
291,0
291,1
291,3
291,4
292,1
292,2
292,4
293,1
293,2
293,4
294,0
294,2
294,4
295,0
295,2
295,3
295,5
296,0
296,2
296,4
296,5
296,7
296,8
297,1
297,3
297,4
297,6
297,7
298,1
298,3
298,4
298,6
298,7
299,1
299,2
299,4
300,0
300,1
300,3
300,4
300,6
301,1
301,2
301,4
301,5
302,0
302,1
302,3
303,1
303,2
303,4
303,5
303,7
304,0
304,1
304,3
304,4
304,6
304,7
305,1
305,3
305,4
306,1
306,2
306,4
307,1
307,2
307,4
308,0
308,2
308,4
308,5
308,7
309,0
309,2
309,3
309,5
309,7
310,0
310,2
310,3
310,5
310,7
310,8
311,1
311,2
311,4
312,0
312,2
312,4
313,0
313,2
313,3
313,5
314,0
314,1
314,3
314,4
315,1
315,2
315,4
316,0
316,1
316,3
316,4
317,0
317,2
317,3
317,5
318,0
318,2
318,3
319,0
319,2
319,3
320,0
320,1
320,3
320,5
321,0
321,2
321,3
321,5
322,0
322,1
322,3
322,4
323,0
323,1
323,3
323,5
323,6
324,1
324,2
324,4
324,6
325,0
325,2
325,3
325,5
326,0
326,2
326,4
327,0
327,2
327,3
328,0
328,2
328,3
328,5
328,6
329,0
329,1
329,3
329,5
329,6
329,8
329,9
330,1
330,3
330,4
330,6
331,0
331,2
331,4
331,5
332,0
332,1
332,3
332,4
332,6
333,1
333,2
333,4
333,5
333,7
334,1
334,2
334,4
335,0
335,2
335,3
335,5
335,7
336,0
336,2
336,3
336,5
337,0
337,1
337,3
337,4
338,1
338,2
338,4
338,6
339,0
339,2
339,3
340,0
340,2
340,3
341,0
341,1
341,3
341,5
342,0
342,2
342,3
343,1
343,2
343,4
344,1
344,2
344,4
344,5
344,7
345,0
345,1
345,3
345,4
346,0
346,1
346,3
347,0
347,1
347,3
347,4
348,1
348,3
348,4
349,1
349,2
349,4
350,0
350,2
350,4
350,5
351,1
351,2
351,4
351,6
351,7
352,1
352,2
352,4
352,5
353,1
353,3
353,4
354,0
354,1
354,3
354,5
354,6
355,1
355,2
355,4
355,6
356,0
356,2
356,3
357,0
357,1
357,3
358,0
358,1
358,3
358,4
358,6
359,1
359,2
359,4
360,0
360,2
360,3
360,5
360,7
361,0
361,2
361,3
362,0
362,2
362,3
362,5
363,0
363,2
363,3
363,5
364,1
364,2
364,4
364,5
365,1
365,3
365,4
366,1
366,2
366,4
367,1
367,2
367,4
367,5
368,1
368,2
368,4
368,6
369,0
369,2
369,3
369,5
370,1
370,2
370,4
371,0
371,2
371,3
371,5
372,0
372,1
372,3
372,4
372,6
372,8
373,0
373,2
373,3
373,5
374,0
374,2
374,4
375,0
375,2
375,3
376,0
376,2
376,3
376,5
377,0
377,2
377,3
378,0
378,2
378,3
379,0
379,1
379,3
380,0
380,1
380,3
380,4
381,0
381,2
381,3
381,5
381,6
382,1
382,2
382,4
383,0
383,1
383,3
383,4
383,6
384,1
384,2
384,4
384,5
385,1
385,2
385,4
385,6
386,0
386,2
386,3
386,5
387,1
387,2
387,4
387,5
388,1
388,2
388,4
389,1
389,2
389,4
389,5
390,0
390,2
390,3
391,0
391,1
391,3
392,1
392,2
392,4
392,5
393,0
393,1
393,3
393,5
394,0
394,2
394,3
395,0
395,2
395,3
396,0
396,1
396,3
396,4
397,0
397,2
397,3
397,5
398,0
398,2
398,4
399,0
399,2
399,3
400,0
400,1
400,3
400,5
401,0
401,2
401,3
402,1
402,3
402,4
403,1
403,2
403,4
403,5
404,0
404,2
404,3
404,5
404,6
405,1
405,3
405,4
406,0
406,1
406,3
406,5
406,6
407,1
407,2
407,4
407,5
408,1
408,3
408,4
408,6
408,7
409,0
409,2
409,3
410,0
410,1
410,3
410,4
411,1
411,3
411,4
411,6
412,0
412,2
412,4
412,5
413,0
413,1
413,3
413,4
413,6
414,1
414,2
414,4
415,0
415,2
415,4
415,5
416,1
416,2
416,4
417,1
417,2
417,4
418,0
418,2
418,3
418,5
419,0
419,1
419,3
419,4
420,0
420,2
420,3
421,0
421,1
421,3
421,4
422,0
422,2
422,3
422,5
422,6
423,1
423,3
423,4
424,0
424,1
424,3
424,4
424,6
425,1
425,2
425,4
425,5
426,1
426,3
426,4
426,6
427,0
427,2
427,4
427,5
427,7
427,8
428,1
428,2
428,4
429,1
429,2
429,4
429,5
430,0
430,2
430,3
430,5
431,0
431,2
431,3
432,0
432,2
432,3
433,0
433,1
433,3
433,5
433,6
434,0
434,1
434,3
435,0
435,2
435,4
436,0
436,2
436,3
437,0
437,2
437,3
437,5
437,6
438,1
438,2
438,4
439,1
439,2
439,4
440,0
440,2
440,4
441,0
441,2
441,3
441,5
441,7
442,0
442,2
442,3
443,0
443,1
443,3
443,5
444,0
444,2
444,3
445,0
445,2
445,3
445,5
447,0
447,2
447,3
447,5
447,7
447,8
448,0
448,1
448,3
449,1
449,2
450,0
450,1
450,3
451,0
451,2
452,0
452,1
452,3
453,0
453,2
454,0
454,1
454,3
455,0
455,2
456,0
456,1
456,3
457,0
457,2
457,3
458,1
458,3
459,0
459,2
459,3
459,5
460,0
460,1
460,3
460,4
461,1
461,2
461,4
461,6
461,7
461,9
461,10
462,0
462,2
462,3
462,5
462,6
463,1
463,2
463,4
463,6
464,0
464,2
464,3
465,0
465,2
465,3
465,5
466,0
466,2
466,3
466,5
467,0
467,1
467,3
467,4
468,0
468,2
468,3
468,5
469,0
469,2
469,4
470,0
470,2
470,3
470,5
470,6
470,8
470,10
470,11
470,13
470,14
470,16
470,18
470,19
470,21
470,22
470,24
470,25
470,27
470,29
470,30
470,32
470,33
470,35
470,37
470,38
470,40
470,41
470,43
470,44
470,46
470,48
470,49
470,51
470,52
470,54
470,56
470,57
470,59
470,60
470,62
470,64
470,65
470,67
470,68
470,70
470,71
470,73
470,75
470,76
470,78
470,79
470,81
470,83
470,84
470,86
470,87
470,89
470,90
470,92
470,94
470,95
470,97
470,98
470,100
470,102
470,103
470,105
470,106
470,108
470,109
470,111
470,113
470,114
470,116
470,117
470,119
470,121
470,122
470,124
470,125
470,127
470,128
470,130
470,132
470,133
470,135
470,136
470,138
470,140
470,141
470,143
470,144
470,146
470,148
470,149
470,151
470,152
470,154
470,155
470,157
470,159
470,160
470,162
470,163
470,165
470,193
470,194
470,196
470,197
470,199
470,200
470,202
470,204
470,205
470,207
470,208
470,210
470,212
470,213
470,215
470,216
470,218
470,219
470,221
470,223
470,224
470,226
470,227
470,229
470,231
470,232
470,234
470,235
470,237
470,239
470,240
470,242
470,243
470,245
470,256
470,258
470,260
470,261
470,263
470,264
470,266
470,268
470,269
470,271
470,272
470,274
470,275
470,277
470,279
470,280
470,282
470,283
470,285
470,287
470,288
470,290
470,291
470,293
470,294
470,296
470,298
470,299
470,301
470,302
470,304
470,306
470,307
470,309
470,310
470,312
470,314
470,315
470,317
470,318
470,320
470,321
470,323
470,325
470,326
470,328
470,329
470,331
470,333
470,334
470,336
470,337
470,339
470,340
470,342
470,344
470,345
470,347
470,348
470,350
470,352
470,353
470,355
470,356
470,358
470,359
470,361
470,363
470,364
470,366
470,367
470,369
470,371
470,372
470,374
470,375
470,377
470,378
470,380
470,382
470,383
470,385
470,386
470,388
470,390
470,391
470,393
470,394
470,396
470,398
470,399
470,401
470,402
470,404
470,405
470,407
470,409
470,410
470,412
470,413
470,415
470,417
470,418
470,420
470,421
470,423
470,424
470,426
470,428
470,429
470,431
470,432
470,434
470,436
470,437
470,439
470,448
470,450
470,451
470,453
470,455
470,456
470,458
470,459
470,461
470,463
470,464
470,466
470,467
470,469
470,471
470,472
470,474
470,475
470,477
470,478
470,480
470,482
470,483
470,485
470,486
470,488
470,490
470,491
470,493
470,494
470,496
470,497
470,499
470,501
470,502
470,504
470,505
470,507
470,509
470,510
470,512
470,513
470,515
470,516
470,518
470,520
470,521
470,523
470,576
470,578
470,580
470,581
470,583
470,584
470,586
470,587
470,589
470,591
470,592
470,594
470,595
470,597
470,599
470,600
470,602
470,603
470,605
470,607
470,608
470,610
470,611
470,613
470,614
470,616
470,618
470,619
470,621
470,622
470,624
470,626
470,627
470,629
470,630
470,632
470,633
470,635
470,637
470,638
471,0
471,1
471,3
471,5
471,6
472,1
472,2
472,4
472,5
472,7
473,1
473,2
474,0
474,1
474,3
475,1
475,2
475,4
475,5
476,0
476,2
476,3
476,5
476,6
477,1
477,2
477,4
478,1
478,2
478,4
478,5
478,7
479,1
479,2
480,0
480,1
480,3
480,4
481,1
481,3
481,4
481,6
482,0
482,2
482,4
482,5
483,0
483,1
483,3
483,4
483,6
484,1
484,2
484,4
485,0
485,2
485,4
485,5
486,1
486,2
486,4
486,5
487,1
487,3
487,4
488,0
488,1
488,3
488,5
488,6
489,1
489,2
489,4
490,1
490,2
490,4
490,5
491,1
491,2
491,4
491,6
491,7
492,1
492,2
492,4
493,0
493,1
493,3
493,4
494,0
494,1
494,3
495,1
495,2
495,4
495,5
496,1
496,3
496,4
497,1
497,2
497,4
497,5
498,1
498,3
498,4
499,0
499,1
499,3
499,5
500,0
500,2
500,3
500,5
501,1
501,2
501,4
501,5
502,1
502,2
502,4
503,1
503,2
503,4
503,5
504,1
504,3
504,4
505,0
505,1
505,3
505,4
506,0
506,2
506,3
507,0
507,1
507,3
508,1
508,2
508,4
508,5
508,7
509,0
509,2
509,4
510,0
510,2
510,3
511,0
511,2
511,3
512,0
512,1
512,3
513,0
513,1
513,3
513,4
514,0
514,1
514,3
515,0
515,1
515,3
515,4
516,1
516,3
516,4
517,1
517,2
517,4
518,0
518,2
518,4
519,0
519,2
519,3
520,0
520,2
520,3
520,5
520,6
520,8
520,9
520,11
520,13
520,14
520,16
520,17
520,19
520,21
520,22
520,24
520,25
520,27
520,28
520,30
520,32
520,33
520,35
520,36
520,38
520,40
520,41
520,43
520,44
520,46
520,48
520,49
520,51
520,52
520,54
520,55
520,57
520,59
520,60
520,62
520,63
520,65
520,68
520,69
520,72
520,73
520,76
520,77
520,79
520,81
520,128
520,130
520,131
520,133
520,135
520,134
520,132
520,129
520,80
520,78
520,75
520,71
520,66
520,64
520,61
520,58
520,56
520,53
520,50
520,47
520,45
520,42
520,39
520,37
520,34
520,31
520,29
520,26
520,23
520,20
520,18
520,15
520,12
520,10
520,7
520,4
520,1
519,4
519,1
518,3
518,1
517,3
517,0
516,2
516,0
515,2
514,4
514,2
513,5
513,2
512,4
512,2
511,4
511,1
510,4
510,1
509,3
509,1
508,6
508,3
508,0
507,2
506,4
506,1
505,5
505,2
504,5
504,2
504,0
503,3
503,0
502,3
502,0
501,3
501,0
500,4
500,1
499,4
499,2
498,5
498,2
498,0
497,3
497,0
496,2
496,0
495,3
495,0
494,2
493,5
493,2
492,5
492,3
492,0
491,5
491,3
491,0
490,3
490,0
489,3
489,0
488,4
488,2
487,5
487,2
487,0
486,3
486,0
485,3
485,1
484,3
484,0
483,5
483,2
482,6
482,3
482,1
481,5
481,2
481,0
480,2
479,3
479,0
478,6
478,3
478,0
477,3
477,0
476,4
476,1
475,6
475,3
475,0
474,2
473,3
473,0
472,6
472,3
472,0
471,4
471,2
470,640
470,636
470,634
470,631
470,628
470,625
470,623
470,620
470,617
470,615
470,612
470,609
470,606
470,604
470,601
470,598
470,596
470,593
470,590
470,588
470,585
470,582
470,579
470,577
470,522
470,519
470,517
470,514
470,511
470,508
470,506
470,503
470,500
470,498
470,495
470,492
470,489
470,487
470,484
470,481
470,479
470,476
470,473
470,470
470,468
470,465
470,462
470,460
470,457
470,454
470,452
470,449
470,438
470,435
470,433
470,430
470,427
470,425
470,422
470,419
470,416
470,414
470,411
470,408
470,406
470,403
470,400
470,397
470,395
470,392
470,389
470,387
470,384
470,381
470,379
470,376
470,373
470,370
470,368
470,365
470,362
470,360
470,357
470,354
470,351
470,349
470,346
470,343
470,341
470,338
470,335
470,332
470,330
470,327
470,324
470,322
470,319
470,316
470,313
470,311
470,308
470,305
470,303
470,300
470,297
470,295
470,292
470,289
470,286
470,284
470,281
470,278
470,276
470,273
470,270
470,267
470,265
470,262
470,259
470,257
470,244
470,241
470,238
470,236
470,233
470,230
470,228
470,225
470,222
470,220
470,217
470,214
470,211
470,209
470,206
470,203
470,201
470,198
470,195
470,192
470,164
470,161
470,158
470,156
470,153
470,150
470,147
470,145
470,142
470,139
470,137
470,134
470,131
470,129
470,126
470,123
470,120
470,118
470,115
470,112
470,110
470,107
470,104
470,101
470,99
470,96
470,93
470,91
470,88
470,85
470,82
470,80
470,77
470,74
470,72
470,69
470,66
470,63
470,61
470,58
470,55
470,53
470,50
470,47
470,45
470,42
470,39
470,36
470,34
470,31
470,28
470,26
470,23
470,20
470,17
470,15
470,12
470,9
470,7
470,4
470,1
469,3
469,1
468,4
468,1
467,5
467,2
466,6
466,4
466,1
465,4
465,1
464,4
464,1
463,5
463,3
463,0
462,4
462,1
461,11
461,8
461,5
461,3
461,0
460,2
459,6
459,4
459,1
458,2
458,0
457,1
456,2
455,3
455,1
454,2
453,3
453,1
452,2
451,3
451,1
450,2
449,3
449,0
448,2
447,9
447,6
447,4
447,1
445,4
445,1
444,4
444,1
443,4
443,2
442,4
442,1
441,6
441,4
441,1
440,3
440,1
439,3
439,0
438,3
438,0
437,4
437,1
436,4
436,1
435,3
435,1
434,2
433,7
433,4
433,2
432,4
432,1
431,4
431,1
430,4
430,1
429,6
429,3
429,0
428,3
428,0
427,6
427,3
427,1
426,5
426,2
426,0
425,3
425,0
424,5
424,2
423,5
423,2
423,0
422,4
422,1
421,5
421,2
420,4
420,1
419,5
419,2
418,6
418,4
418,1
417,3
417,0
416,3
416,0
415,3
415,1
414,3
414,0
413,5
413,2
412,6
412,3
412,1
411,5
411,2
411,0
410,2
409,4
409,1
408,8
408,5
408,2
408,0
407,3
407,0
406,4
406,2
405,5
405,2
405,0
404,4
404,1
403,6
403,3
403,0
402,2
402,0
401,1
400,4
400,2
399,4
399,1
398,3
398,1
397,4
397,1
396,5
396,2
395,4
395,1
394,4
394,1
393,4
393,2
392,6
392,3
392,0
391,2
390,4
390,1
389,6
389,3
389,0
388,3
388,0
387,3
387,0
386,4
386,1
385,5
385,3
385,0
384,3
384,0
383,5
383,2
382,5
382,3
382,0
381,4
381,1
380,5
380,2
379,4
379,2
378,4
378,1
377,4
377,1
376,4
376,1
375,4
375,1
374,3
374,1
373,4
373,1
372,7
372,5
372,2
371,6
371,4
371,1
370,3
370,0
369,4
369,1
368,5
368,3
368,0
367,3
367,0
366,3
366,0
365,2
365,0
364,3
364,0
363,4
363,1
362,4
362,1
361,4
361,1
360,6
360,4
360,1
359,3
359,0
358,5
358,2
357,4
357,2
356,4
356,1
355,5
355,3
355,0
354,4
354,2
353,5
353,2
353,0
352,3
352,0
351,5
351,3
351,0
350,3
350,1
349,3
349,0
348,2
348,0
347,2
346,4
346,2
345,5
345,2
344,8
344,6
344,3
344,0
343,3
343,0
342,1
341,4
341,2
340,4
340,1
339,4
339,1
338,5
338,3
338,0
337,2
336,6
336,4
336,1
335,6
335,4
335,1
334,3
334,0
333,6
333,3
333,0
332,5
332,2
331,6
331,3
331,1
330,5
330,2
330,0
329,7
329,4
329,2
328,7
328,4
328,1
327,4
327,1
326,3
326,1
325,4
325,1
324,5
324,3
324,0
323,4
323,2
322,5
322,2
321,6
321,4
321,1
320,4
320,2
319,4
319,1
318,4
318,1
317,4
317,1
316,5
316,2
315,5
315,3
315,0
314,2
313,6
313,4
313,1
312,3
312,1
311,3
311,0
310,6
310,4
310,1
309,6
309,4
309,1
308,6
308,3
308,1
307,3
307,0
306,3
306,0
305,2
305,0
304,5
304,2
303,8
303,6
303,3
303,0
302,2
301,6
301,3
301,0
300,5
300,2
299,5
299,3
299,0
298,5
298,2
298,0
297,5
297,2
297,0
296,6
296,3
296,1
295,4
295,1
294,3
294,1
293,3
293,0
292,3
292,0
291,2
290,5
290,3
290,0
289,2
289,0
288,3
288,0
287,2
287,0
286,2
285,4
285,2
284,4
284,1
283,3
283,1
282,3
282,0
281,3
281,0
280,2
280,0
279,2
278,4
278,1
277,4
277,1
276,3
276,1
275,3
275,0
274,4
274,2
273,4
273,1
272,4
272,1
271,3
271,0
270,4
270,1
269,2
269,0
268,4
268,1
267,5
267,2
266,4
266,1
265,4
265,1
264,4
264,2
263,5
263,2
262,4
262,2
261,4
261,1
260,4
260,1
259,2
258,7
258,5
258,2
257,6
257,4
257,1
256,6
256,3
256,1
255,5
255,2
255,0
254,4
254,1
253,6
253,3
253,0
252,2
252,0
251,5
251,2
251,0
250,2
249,4
249,1
248,8
248,5
248,2
248,0
247,2
246,5
246,2
246,0
245,3
245,0
244,4
244,1
243,3
243,1
242,8
242,5
242,2
242,0
241,3
241,0
240,4
240,1
239,5
239,2
239,0
238,3
238,0
237,5
237,2
236,5
236,2
236,0
235,4
235,1
234,5
234,2
233,6
233,4
233,1
232,4
232,1
231,5
231,2
230,6
230,4
230,1
229,4
229,1
228,5
228,2
227,6
227,4
227,1
226,5
226,2
226,0
225,3
225,0
224,2
223,5
223,2
222,8
222,6
222,3
222,0
221,5
221,2
220,5
220,3
220,0
219,5
219,2
219,0
218,3
218,0
217,4
217,1
216,4
216,1
215,5
215,2
214,6
214,4
214,1
213,5
213,2
213,0
212,4
212,1
211,5
211,2
210,7
210,5
210,2
209,8
209,5
209,3
209,0
208,5
208,3
208,0
207,3
207,0
206,6
206,3
206,0
205,3
205,0
204,3
204,0
203,3
203,0
202,4
202,2
201,6
201,3
201,0
200,3
200,0
199,4
199,2
198,3
197,6
197,3
196,5
196,0
195,2
194,4
193,5
193,1
192,2
191,6
191,1
190,3
190,0
189,3
188,3
188,0
187,3
186,5
186,0
185,2
184,4
183,7
183,4
182,5
182,2
181,5
181,0
180,4
179,5
179,3
179,0
178,1
177,5
177,0
176,2
175,8
175,6
175,3
175,0
174,1
173,2
172,5
172,0
171,2
170,3
169,9
169,6
169,3
169,0
168,2
167,7
167,2
166,15
166,13
166,9
166,6
166,4
166,1
165,2
164,3
164,0
163,4
163,1
162,7
162,3
162,0
161,2
161,0
160,1
159,2
159,0
158,2
157,3
157,0
156,5
156,0
155,1
154,150
154,147
154,144
154,142
154,139
154,136
154,133
154,131
154,128
154,103
154,101
154,98
154,95
154,92
154,90
154,87
154,83
154,81
154,78
154,75
154,72
154,70
154,67
154,64
154,62
154,59
154,56
154,54
154,51
154,48
154,45
154,43
154,40
154,37
154,35
154,32
154,29
154,26
154,24
154,21
154,18
154,16
154,13
154,10
154,7
154,5
154,2
153,3
153,0
152,0
151,1
150,3
150,0
149,2
148,3
148,0
147,1
146,4
146,2
145,4
145,0
144,0
143,3
142,5
142,0
141,3
141,0
140,2
139,4
139,1
138,3
138,0
137,3
136,7
136,3
136,0
135,2
134,5
134,2
134,0
133,2
132,3
132,0
131,4
131,0
130,0
129,10
129,5
129,0
128,9
128,4
127,9
127,5
127,2
126,7
126,2
125,9
125,5
125,2
124,11
124,9
124,6
124,3
124,1
123,4
123,1
122,5
122,2
121,5
121,0
120,3
119,3
118,3
118,0
117,2
116,6
116,1
115,3
114,3
113,2
112,3
111,3
110,4
109,4
109,1
108,3
108,0
107,1
106,2
105,2
104,2
103,4
102,6
102,1
101,6
101,1
100,2
99,3
98,4
97,6
97,1
96,5
96,0
95,2
94,5
94,2
93,7
93,2
92,7
92,4
92,1
91,4
91,0
90,1
89,1
88,4
88,1
87,5
87,3
86,39
86,36
86,31
86,28
86,24
86,21
86,19
86,16
86,12
86,9
86,5
86,1
85,9
85,7
85,4
85,1
84,5
84,0
83,2
82,5
82,1
81,4
80,12
80,10
80,6
80,3
80,0
79,2
78,5
78,2
78,0
77,3
77,0
76,8
76,4
75,7
75,2
74,7
74,2
73,5
73,2
72,4
72,0
71,2
70,6
70,1
69,6
69,3
68,4
68,0
67,0
66,5
66,2
65,5
65,3
65,0
64,16
64,14
64,11
64,8
64,5
64,3
64,0
63,6
63,4
63,1
62,3
61,4
61,2
60,5
60,2
60,0
59,3
58,6
58,3
58,1
57,6
57,3
57,1
56,5
56,1
55,2
54,5
54,2
53,7
53,4
53,1
52,5
52,3
51,6
51,1
50,4
50,0
49,1
48,0
47,6
47,1
46,1
45,13
45,11
45,8
45,4
45,1
44,4
44,0
43,3
43,1
42,4
42,1
41,4
41,1
40,3
40,1
39,4
39,1
38,8
38,6
38,3
38,0
37,6
37,3
37,0
36,4
36,2
35,5
35,0
34,2
33,5
33,2
32,7
32,4
32,0
31,1
30,5
30,0
29,2
28,8
28,6
28,3
28,0
27,23
27,18
27,14
27,10
27,6
27,1
26,26
26,23
26,20
26,15
26,12
26,7
26,3
26,0
25,24
25,20
25,15
25,13
25,10
25,7
25,4
25,2
24,8
24,5
24,3
4,2
3,3
3,0
2,123
2,120
2,116
2,114
2,110
2,107
2,104
2,99
2,96
2,92
2,90
2,86
2,82
2,80
2,77
2,74
2,71
2,69
2,66
2,35
2,33
2,30
2,27
0,496
0,273
0,474
0,272
0,468
0,271
0,504
0,270
0,306
0,269
0,314
0,268
0,424
0,267
0,495
0,266
0,345
0,265
0,319
0,264
0,471
0,263
0,406
0,262
0,404
0,261
0,407
0,260
0,351
0,259
0,422
0,258
0,318
0,257
0,403
0,256
0,331
0,255
0,501
0,254
0,493
0,253
0,323
0,252
0,337
0,251
0,326
0,250
0,489
0,249
0,320
0,248
0,499
0,247
0,467
0,246
0,432
0,245
0,491
0,244
0,405
0,242
0,465
0,241
0,511
0,240
0,431
0,239
0,400
0,238
0,334
0,237
0,509
0,236
0,328
0,235
0,488
0,234
0,333
0,233
0,312
0,232
0,231
0,397
0,230
0,484
0,229
0,343
0,228
0,483
0,227
0,316
0,226
0,342
0,225
0,401
0,224
0,325
0,223
0,395
0,222
0,340
0,221
0,392
0,220
0,481
0,219
0,479
0,218
0,428
0,217
0,508
0,216
0,393
0,215
0,336
0,214
0,502
0,213
0,469
0,212
0,391
0,211
0,440
0,210
0,475
0,209
0,332
0,208
0,498
0,207
0,383
